2.587377311152760626e+02 1.235357519440580489e+02 7.404028815657751750e+01 5.046103681632772719e+01 3.734442140478842731e+01 2.925777413472308552e+01 2.389369004953145392e+01 2.013616239069097702e+01 1.739126741217469529e+01 1.531876271972857850e+01 1.371195420752729888e+01 1.243911553342818976e+01 1.141288214308628390e+01 1.057332450193576001e+01 9.878128008617503397e+00 9.296658541477391680e+00 8.806247500003316020e+00 8.389793621328244910e+00 8.034172375313831438e+00 7.729155379865928488e+00
2.376605706657396979e+02 1.135590418354528168e+02 6.813267099024486129e+01 4.649732041334647903e+01 3.446730723819855768e+01 2.705557664303342946e+01 2.214391650869591643e+01 1.870778044461231104e+01 1.620188914896388965e+01 1.431384677812828521e+01 1.285386026571944029e+01 1.170096153695295094e+01 1.077490986769403669e+01 1.002065189756209485e+01 9.399305903311791610e+00 8.882713428352236207e+00 8.450028710921312580e+00 8.085517151694691762e+00 7.777095312809216843e+00 7.515339227794557431e+00
2.167882580039094194e+02 1.036962898044994574e+02 6.230693186102004688e+01 4.260142469307857738e+01 3.165140883037100750e+01 2.491170687077206125e+01 2.045169915030692565e+01 1.733751501960486507e+01 1.507209293648839754e+01 1.337063053619285746e+01 1.206007346297355731e+01 1.103009983472797728e+01 1.020750990700055638e+01 9.542061489742751590e+00 8.998252299181096703e+00 8.550354205275963793e+00 8.179305176426614921e+00 7.870703426462806185e+00 7.613477527629972208e+00 7.398983351388822349e+00
1.962110142246784790e+02 9.399913829339266158e+01 5.660134682033435638e+01 3.880604717044700891e+01 2.892711494840172648e+01 2.285591451427985277e+01 1.884712798907590070e+01 1.605643123960138752e+01 1.403435908400440546e+01 1.252332612280141433e+01 1.136676734294954194e+01 1.046482794428443519e+01 9.751211464831921916e+00 9.180375664472022024e+00 8.720105253271269063e+00 8.347024870924965256e+00 8.043791604504551884e+00 7.797283747378246588e+00 7.597400233962630978e+00 7.436245384067539099e+00
1.760789779705138756e+02 8.455509650229993213e+01 5.108205423085200891e+01 3.516878058717101396e+01 2.634891997585172163e+01 2.094242101562573311e+01 1.738583335482697123e+01 1.492266393720752049e+01 1.315007496298802714e+01 1.183708627317422923e+01 1.084319613393753379e+01 1.007869638517171040e+01 9.483940934480596496e+00 9.017884072236190818e+00 8.651434964456930388e+00 8.363444699185629716e+00 8.138195862402062275e+00 7.963782280010737402e+00 7.831033661493451703e+00 7.732783660059782349e+00
1.566594844084879696e+02 7.552462777341034439e+01 4.587414127693965327e+01 3.180182307987356438e+01 2.402587348906484621e+01 1.928228966321998072e+01 1.618399351034069866e+01 1.405948074866027220e+01 1.255084127110224479e+01 1.145255331494369422e+01 1.063933886825184416e+01 1.003099987634513290e+01 9.574061490887448400e+00 9.231628918591235688e+00 8.977505144310885754e+00 8.792632949084756788e+00 8.662861188673904422e+00 8.577495321697885089e+00 8.528328959025087030e+00 8.508980036372312483e+00
1.384735255307073771e+02 6.723769524886762383e+01 4.124904061765793983e+01 2.896079837308037241e+01 2.221691417458325546e+01 1.814805868247519172e+01 1.553364238955586707e+01 1.378156948601635179e+01 1.257522078920375286e+01 1.173200696719831981e+01 1.114014344169664028e+01 1.072784801219719064e+01 1.044722763938570509e+01 1.026532207532470231e+01 1.015885975984379463e+01 1.011104941675324120e+01 1.010954435071881718e+01 1.014511164337209159e+01 1.021074043257557307e+01 1.030103185355856255e+01
1.226925117896076642e+02 6.052488816650620862e+01 3.796270664845185649e+01 2.741775350650219778e+01 2.175144771410412403e+01 1.844554217424006026e+01 1.642266336124036386e+01 1.515615601941855495e+01 1.436273704720901279e+01 1.387909443419969691e+01 1.360609994684856616e+01 1.348109666677077456e+01 1.346311133564189078e+01 1.352453574599878472e+01 1.364625652525684174e+01 1.381471020967396335e+01 1.402005196544064702e+01 1.425498753105947536e+01 1.451401040722697644e+01 1.479289257565839044e+01
1.130815909392115941e+02 5.883122339337219842e+01 3.974865735058249783e+01 3.137940493536952147e+01 2.731737759619151262e+01 2.527493326648904670e+01 2.428284196551678065e+01 2.388490563233674635e+01 2.384834767718302118e+01 2.404566232109273471e+01 2.440242430389105621e+01 2.487268931252207693e+01 2.542668462056418477e+01 2.604429693733695217e+01 2.671144680050174713e+01 2.741797474718153538e+01 2.815635692730529271e+01 2.892089545162233222e+01 2.970719104505869979e+01 3.051178945806838172e+01
1.769580314288285763e+02 1.422584971084455105e+02 1.340032345083444625e+02 1.327607621343894948e+02 1.343407176590067706e+02 1.373951032427673056e+02 1.413553804472818740e+02 1.459317580746396175e+02 1.509553039645713284e+02 1.563177663947823532e+02 1.619450048405452662e+02 1.677837804164577449e+02 1.737945213056847535e+02 1.799470392825094507e+02 1.862178316440281378e+02 1.925882970707606319e+02 1.990435098968820284e+02 2.055713521368545855e+02 2.121618836937435901e+02 2.188068761644292977e+02
1.769580314288285763e+02 1.422584971084455105e+02 1.340032345083444625e+02 1.327607621343894948e+02 1.343407176590067706e+02 1.373951032427673056e+02 1.413553804472818740e+02 1.459317580746396175e+02 1.509553039645713284e+02 1.563177663947823532e+02 1.619450048405452662e+02 1.677837804164577449e+02 1.737945213056847535e+02 1.799470392825094507e+02 1.862178316440281378e+02 1.925882970707606319e+02 1.990435098968820284e+02 2.055713521368545855e+02 2.121618836937435901e+02 2.188068761644292977e+02
1.130815909392115088e+02 5.883122339337215578e+01 3.974865735058251204e+01 3.137940493536948594e+01 2.731737759619147354e+01 2.527493326648899696e+01 2.428284196551679130e+01 2.388490563233672503e+01 2.384834767718298920e+01 2.404566232109274182e+01 2.440242430389103845e+01 2.487268931252208404e+01 2.542668462056416345e+01 2.604429693733686335e+01 2.671144680050169029e+01 2.741797474718149275e+01 2.815635692730530693e+01 2.892089545162237485e+01 2.970719104505863228e+01 3.051178945806832843e+01
1.226925117896076642e+02 6.052488816650620862e+01 3.796270664845185649e+01 2.741775350650219778e+01 2.175144771410412403e+01 1.844554217424006026e+01 1.642266336124036386e+01 1.515615601941855495e+01 1.436273704720901279e+01 1.387909443419969691e+01 1.360609994684856616e+01 1.348109666677077456e+01 1.346311133564189078e+01 1.352453574599878472e+01 1.364625652525684174e+01 1.381471020967396335e+01 1.402005196544064702e+01 1.425498753105947536e+01 1.451401040722697644e+01 1.479289257565839044e+01
1.384735255307073203e+02 6.723769524886760962e+01 4.124904061765791852e+01 2.896079837308035820e+01 2.221691417458325191e+01 1.814805868247518106e+01 1.553364238955585996e+01 1.378156948601634824e+01 1.257522078920375996e+01 1.173200696719830560e+01 1.114014344169663140e+01 1.072784801219718176e+01 1.044722763938569976e+01 1.026532207532469876e+01 1.015885975984379108e+01 1.011104941675323232e+01 1.010954435071880475e+01 1.014511164337208093e+01 1.021074043257556951e+01 1.030103185355856610e+01
1.566594844084879696e+02 7.552462777341034439e+01 4.587414127693965327e+01 3.180182307987356438e+01 2.402587348906484621e+01 1.928228966321998072e+01 1.618399351034069866e+01 1.405948074866027220e+01 1.255084127110224479e+01 1.145255331494369422e+01 1.063933886825184416e+01 1.003099987634513290e+01 9.574061490887448400e+00 9.231628918591235688e+00 8.977505144310885754e+00 8.792632949084756788e+00 8.662861188673904422e+00 8.577495321697885089e+00 8.528328959025087030e+00 8.508980036372312483e+00
1.760789779705138471e+02 8.455509650229979002e+01 5.108205423085207286e+01 3.516878058717099975e+01 2.634891997585173229e+01 2.094242101562574376e+01 1.738583335482696413e+01 1.492266393720752760e+01 1.315007496298802714e+01 1.183708627317424167e+01 1.084319613393753912e+01 1.007869638517170863e+01 9.483940934480600049e+00 9.017884072236197923e+00 8.651434964456928611e+00 8.363444699185631492e+00 8.138195862402062275e+00 7.963782280010733849e+00 7.831033661493451703e+00 7.732783660059785014e+00
1.962110142246784790e+02 9.399913829339266158e+01 5.660134682033435638e+01 3.880604717044700891e+01 2.892711494840172648e+01 2.285591451427985277e+01 1.884712798907590070e+01 1.605643123960138752e+01 1.403435908400440546e+01 1.252332612280141433e+01 1.136676734294954194e+01 1.046482794428443519e+01 9.751211464831921916e+00 9.180375664472022024e+00 8.720105253271269063e+00 8.347024870924965256e+00 8.043791604504551884e+00 7.797283747378246588e+00 7.597400233962630978e+00 7.436245384067539099e+00
2.167882580039094194e+02 1.036962898044994574e+02 6.230693186102004688e+01 4.260142469307857738e+01 3.165140883037100750e+01 2.491170687077206125e+01 2.045169915030692565e+01 1.733751501960486507e+01 1.507209293648839754e+01 1.337063053619285746e+01 1.206007346297355731e+01 1.103009983472797728e+01 1.020750990700055638e+01 9.542061489742751590e+00 8.998252299181096703e+00 8.550354205275963793e+00 8.179305176426614921e+00 7.870703426462806185e+00 7.613477527629972208e+00 7.398983351388822349e+00
2.376605706657393284e+02 1.135590418354526747e+02 6.813267099024484708e+01 4.649732041334647192e+01 3.446730723819851505e+01 2.705557664303342236e+01 2.214391650869593064e+01 1.870778044461231460e+01 1.620188914896390386e+01 1.431384677812828166e+01 1.285386026571944029e+01 1.170096153695295094e+01 1.077490986769403136e+01 1.002065189756209662e+01 9.399305903311788057e+00 8.882713428352236207e+00 8.450028710921312580e+00 8.085517151694688209e+00 7.777095312809220395e+00 7.515339227794558319e+00
2.587377311152760626e+02 1.235357519440580489e+02 7.404028815657751750e+01 5.046103681632772719e+01 3.734442140478842731e+01 2.925777413472308552e+01 2.389369004953145392e+01 2.013616239069097702e+01 1.739126741217469529e+01 1.531876271972857850e+01 1.371195420752729888e+01 1.243911553342818976e+01 1.141288214308628390e+01 1.057332450193576001e+01 9.878128008617503397e+00 9.296658541477391680e+00 8.806247500003316020e+00 8.389793621328244910e+00 8.034172375313831438e+00 7.729155379865928488e+00
