1.000000000000000056e-01
1.473684210526315930e-01
1.947368421052631526e-01
2.421052631578947401e-01
2.894736842105263275e-01
3.368421052631579427e-01
3.842105263157894468e-01
4.315789473684210620e-01
4.789473684210526772e-01
5.263157894736841813e-01
5.736842105263157965e-01
6.210526315789474117e-01
6.684210526315789158e-01
7.157894736842105310e-01
7.631578947368421462e-01
8.105263157894736503e-01
8.578947368421052655e-01
9.052631578947368807e-01
9.526315789473683848e-01
1.000000000000000000e+00
